169308
143877
120040
155682
204923
179829
149635
146394
164225
114693
158225
125265
115649
204397
115186
180479
163105
154796
108060
121728
128767
138388
191061
116969
178332
109636
105206
189817
121450
215599
215600
136978
131857
160222
181361
163319
148519
195904
199688
164793
159442
105843
214376
177216
117015
147496
148906
209178
112905
118225
173211
183307
143786
170569
210979
170886
200733
181533
119598
100971
116345
165594
112247
187604
178494
119366
214682
178919
119939
198506
203254
176491
147311
167764
169023
113103
113028
121320
132143
135970
159171
207330
122597
110096
135926
190821
168712
198597
132961
167561
154934
162720
126221
124447
184066
124051
187051
171662
214386
130534
193671
211003
178035
202287
133968
153039
123392
123887
183762
184744
175695
157544
117612
201878
123823
129960
177598
213147
149505
107712
215658
190283
149835
200535
211731
156238
175178
188600
194778
153232
149112
207448
173225
121897
117493
174045
100099
188426
139495
119962
104633
158813
118683
210615
119950
154320
184556
155151
143672
194466
171691
193483
134404
128372
178046
112996
129487
126146
164837
129278
118503
106417
198548
207553
174343
118007
144109
189273
191048
157187
183405
138221
158112
202096
132261
100333
192785
193933
138319
194773
206911
154775
116741
149230
116110
166115
168601
154857
171467
187077
207673
198494
122470
122200
113834
101805
154670
215160
173336
178284
146764
187452
146423
115648
175896
179996
209358
129068
195419
154661
129950
178315
206511
114297
102612
153054
115418
101970
208068
131744
193736
153163
101155
137000
212450
143764
185769
183296
106891
104271
182928
175618
117950
148247
200704
137080
171534
130010
178354
154001
154256
200386
207509
174561
145334
157921
128628
161095
144924
204776
111306
175902
138541
166004
116112
212119
173805
153653
201536
191196
197317
101723
172487
149754
192093
184549
144053
105289
112255
102776
133301
206002
212444
140520
180513
133635
146787
202877
164690
114488
145338
150013
172528
114541
176960
160216
136875
154797
199737
208269
173585
195960
213074
188121
123985
189527
107744
127056
120241
166139
180960
133031
161551
153903
211833
136304
215670
133157
176826
169208
103111
113772
163244
192272
209155
167876
199389
195841
163128
211386
124270
144821
185265
159556
176737
108200
194926
156997
215102
106738
209647
133634
158117
145023
178626
117603
110077
164251
213097
159001
166376
151227
156753
165782
173315
197838
117098
113838
116901
180964
107073
208440
211354
169032
216033
162725
154810
191696
142928
186377
177001
197383
164155
151632
119142
177326
110141
186661
149012
205369
103293
179037
138185
121570
159602
130052
167144
137920
213291
186782
189703
169083
163922
134491
167628
197079
208926
113897
128774
215542
155398
165053
197696
179238
141724
186801
110458
209231
192579
142403
196924
136245
133881
175197
206049
134988
203434
203167
167136
106485
127853
214409
123199
135522
139341
126120
170074
167229
186807
150016
170212
131643
112188
145735
191323
159597
120476
213006
172830
129046
180506
115141
159531
164824
147825
188433
207340
103802
139692
157615
106509
195287
188146
202751
115723
123256
122950
175127
141495
147472
181513
173023
185206
133627
198443
178758
147367
112300
188311
214390
201912
114177
215283
173493
207262
200863
112994
172757
215119
165307
123568
139407
155173
154852
176655
207098
155107
159256
116174
175362
187978
113579
106382
188182
181194
129968
189401
185899
206642
115443
197086
116654
137607
162439
106656
149824
192357
170057
165004
159353
110786
107693
107346
135887
140764
141366
186999
126813
197185
212100
130694
124676
113158
170622
207835
115896
186963
214688
113341
171630
134530
188420
173357
143892
162995
145503
119255
124557
183100
173466
212309
143483
121990
157618
198935
194056
184114
202855
113675
208188
165423
125463
125098
190295
138222
125015
148981
143845
107268
153049
142595
155129
180184
127188
150119
202255
129910
127743
128084
193149
106260
167450
188082
103300
107224
114045
155440
104515
167549
147358
110834
183566
184214
203386
160627
130069
165016
187489
171810
194674
152858
177008
211974
137766
197859
205570
148362
192619
168049
106290
208326
137842
149323
179531
205276
126863
143959
146622
140176
135621
109815
206093
146962
110621
101925
202728
188627
110262
166251
211521
164338
130914
180955
175638
212633
111494
207313
150678
151342
148383
190858
185317
186052
198106
130132
110883
195453
143103
158554
112433
139987
216044
200512
120136
193780
209982
210577
116111
181678
122062
167424
175670
107206
124604
112785
132737
138760
199205
201915
146908
136343
102288
131190
187528
137406
114731
135120
168912
157882
102434
177801
105217
177377
112690
184618
103242
109634
207375
125991
141943
113903
152918
190679
159635
194141
121971
180947
126171
159774
127776
191815
191616
126884
128255
192591
209285
171355
161645
215008
141465
136233
160526
151260
105836
146822
108091
136606
148977
107147
143847
211067
118051
214952
187170
120902
108470
113513
108199
166493
178135
203014
124981
135366
173238
124280
211925
138325
209896
208676
184951
183082
144083
161612
177301
208835
147049
125692
163832
169160
118129
100260
114557
154805
174654
186369
205440
211843
145745
107201
191001
113780
122504
132966
182856
131843
210407
176546
112361
152900
101278
162185
166219
196954
166584
175235
122584
111502
189768
198316
134178
118924
154157
211432
100679
187490
191831
139975
180503
153633
159826
193362
118686
196301
121533
192546
128202
197269
126711
105293
155451
208971
215297
198742
171736
146163
129807
188640
199774
174376
168262
167161
173233
129755
130429
183958
202155
150168
209421
140690
133335
102157
109499
152349
182757
108226
147974
187379
108795
155006
188867
178594
110291
176931
164175
112958
166371
101167
154684
145393
190163
112046
210773
128367
126950
175467
138773
112341
175316
188338
159220
189746
123689
171102
213581
100851
125214
173178
202000
190181
145273
181542
199413
109455
167234
164477
129641
133259
117082
112375
106558
153888
191367
142342
162430
132266
172596
135144
177004
129689
197673
141707
186892
210695
101747
167053
149935
138597
102214
213686
151738
101163
167768
127172
119798
129506
166680
113915
114738
109693
146677
151361
193206
169398
165073
157452
145890
156308
140965
190800
167261
170349
186618
157640
136557
204386
156909
154546
183402
101039
179999
172605
105561
118724
177420
130606
188885
157695
184482
139868
201717
122514
127749
135561
191856
157002
201142
205086
126895
126529
122191
155459
104310
108849
155423
100820
192258
211148
147961
158903
149978
141199
111546
189243
165373
158051
101120
134232
161160
135375
174529
133982
125892
170936
161757
188007
203301
136143
190728
188757
107372
118376
171392
186826
179772
161363
134447
123849
197739
210397
204686
173757
136019
149411
117898
207108
182395
175697
143062
173736
214231
123587
141652
126955
119944
115199
153221
175258
206135
133308
160577
174374
167232
203827
131213
207581
146326
199991
164765
131085
135134
190059
153405
156198
206577
155842
106443
177889
107241
173658
134080
147304
133429
194943
105619
205757
165268
198544
125657
177112
146723
144578
163663
189515
171910
166627
197243
160425
206094
100853
197096
108625
151042
121087
149143
140330
209343
126678
102234
155689
206757
152464
114155
177349
141473
181844
156956
168332
199856
112792
128574
200063
152727
215636
155804
177597
190787
141800
176517
117587
190943
210002
211406
188135
100974
157119
213735
116753
213015
167354
185095
123333
142354
165517
168303
172299
124532
139884
142713
140852
116871
181838
202412
116075
136873
109075
155696
117291
173435
204051
166562
149646
105711
143511
189118
101023
151658
103244
162384
110196
189360
187549
196661
157525
201945
177199
154678
173398
127138
181910
216000
197430
204966
122479
191488
140612
192987
163208
188794
178013
125608
167773
111255
205765
191895
154533
174587
195182
166578
118933
110653
186644
154562
191590
189714
198369
170877
193089
138726
124788
196372
191091
163366
135599
120339
121262
215601
164153
144769
151532
153800
123286
116585
170078
177662
158238
142944
183269
120229
192216
182390
207266
176649
148658
147306
100499
133962
131676
113237
160256
135538
205265
105331
214183
178598
145127
163622
159473
172964
145924
145331
184560
171197
212622
106685
183556
155608
112987
179773
163520
133845
203907
190064
165992
180492
190140
157366
184378
208120
146280
118699
192384
125102
161760
128159
117073
128196
205796
108582
157283
125442
149019
181364
103033
205491
145578
137861
189958
204363
150979
151671
182832
184436
179818
204621
160787
131627
161436
123079
100454
107870
171640
209509
198981
200132
135709
107909
145091
157713
179915
124130
121547
200392
187166
131873
118088
123595
150686
205794
101466
136610
109355
175501
185894
163336
121241
199561
131418
128620
203432
197655
176670
136186
115340
151576
182788
107583
148232
120045
210716
205370
105527
159008
205194
164464
105903
174034
198295
172084
136315
140723
159071
119567
129047
191375
127266
136220
177217
110527
101406
118120
141104
137744
154458
102817
201950
127184
178255
155043
117787
201831
178532
133461
150551
142885
207042
170388
210911
137316
173161
208462
109812
173984
195736
158163
199531
204447
104172
139648
125279
118002
133307
129617
164035
134322
175744
136248
121016
208901
179102
115703
211554
134435
143662
146482
144233
120978
116627
151160
158304
159435
131689
124193
175393
131343
205395
209397
181362
204505
156481
195741
142623
138058
115983
189265
199745
113499
215350
109990
168998
177236
183437
213085
122662
159294
201648
121442
207821
159987
163636
149787
191062
169051
114217
176830
111869
107084
163170
116845
163298
115168
171631
127429
123102
203304
205935
183849
213985
188981
178299
146039
109830
158942
131770
151782
172079
153509
154642
171235
136193
180509
118849
143785
214112
109506
107925
118800
154352
148284
123988
181654
187246
176211
114466
135440
156797
154719
213610
200569
111978
201338
168577
199814
189312
171868
166254
177599
201070
154094
214791
136901
121537
157911
203515
137737
108118
194067
199934
112155
179738
117788
158721
119174
103284
113127
155128
165023
192471
162509
149698
165281
182057
167875
101272
172839
116625
159575
169435
128601
107517
100887
168665
155801
142453
143010
115488
170181
212684
178267
122401
148573
211456
102962
119489
142734
128789
191319
188849
206470
136479
151461
127517
214798
185146
157984
153214
143970
182633
211997
121637
183443
140720
120863
165215
145983
152606
101485
187384
187866
107138
178440
156334
210995
190320
195786
102615
123838
110654
192650
172572
143418
215950
213340
136470
107196
151244
108996
213428
169857
146390
138453
192240
196865
155552
156091
165524
162762
113437
173788
208004
213844
187609
168689
215190
153323
171693
119419
179133
110261
113125
203426
126300
215144
199156
112706
156929
211633
133918
201407
119992
137702
212736
175314
146793
108304
137408
200141
154105
210181
196609
196336
187922
213026
190131
126251
172185
100954
165933
145285
167211
156675
111358
203238
131969
109911
100876
123125
140890
183418
146377
152700
123629
151726
172152
118577
201612
100094
189793
165151
138252
115012
102040
164538
143319
200614
203293
178108
159082
122226
178091
153978
142122
105116
194953
129294
145647
124283
204560
200450
143494
170798
130664
215858
140485
109178
165325
205230
114391
162873
109784
176904
209848
131068
178449
167087
198586
113877
152435
130655
115750
171370
153199
117571
123830
102808
114671
165349
156551
200937
165274
131066
118588
193819
159678
109705
153540
185386
181625
132075
215511
103836
202716
155779
149340
184670
164911
152962
211682
200028
145748
111389
205835
132747
203875
170226
122740
145493
107541
138414
160396
126435
202837
121278
214001
186183
104265
117371
126395
208380
161242
206502
168715
128245
120296
177927
125971
115145
109979
212498
167224
147378
206190
104534
138126
123737
139700
206335
120119
125554
210011
156046
154773
118512
212437
139931
106651
170380
190426
126565
170702
201640
123486
175021
170610
166442
156684
101154
109867
196584
147753
198954
123150
111499
122137
102930
115839
199291
187177
134673
147333
210116
175175
112457
126802
144002
111526
154109
134013
166019
101454
193399
165833
156873
173281
129219
186248
145824
161733
183374
134853
176412
151166
120566
187152
185215
171054
102866
190142
120397
144445
137882
120152
166024
119102
146837
169095
146036
172013
141278
183198
168684
178952
121430
201461
169603
104846
178812
154534
214737
143141
214012
138872
149403
200540
169969
158895
179071
101854
126006
145143
150402
214490
132632
144346
138670
138431
159676
211184
150701
214024
202729
184418
103663
118515
113852
181830
109809
202207
139830
110811
171046
197349
109073
204702
127558
163251
148799
158882
196533
202477
121372
157368
198268
143429
131375
171204
180938
135189
154958
152311
196234
206328
203793
146285
147916
198267
202755
143260
106667
184949
205964
103976
166128
183459
144533
190107
163958
153976
131995
110480
209448
203970
144775
170634
121475
206382
196944
211934
133510
145786
106235
123654
156466
167400
122362
166821
143261
200686
143368
186911
205067
159455
209386
146657
152452
118990
139356
140966
201128
126864
160237
148837
124037
183211
201897
164017
124832
133416
143315
189555
210711
123273
194344
110938
166808
209867
140293
113118
100749
128886
175482
149495
193393
172031
116664
170198
142002
174180
137141
153755
130188
149896
188429
168159
147692
171505
188508
210532
119023
171600
103535
118702
195437
123335
177068
117930
171443
213782
131272
112983
173086
161790
198507
131972
132496
195311
178320
114017
164725
164913
181506
155127
211716
162644
100527
117889
191930
209179
101423
174462
175832
115795
136530
149074
100660
209577
176913
167999
161064
124722
119986
210224
159254
155343
134598
173037
106191
205501
185945
143173
191577
119724
151049
150912
119013
110789
140602
155973
167278
108569
147582
164025
154769
178279
189331
212331
121719
184759
111942
124249
191940
103858
146527
101651
107251
215538
115947
213467
128929
164759
117814
168962
194328
160306
199354
154605
142321
190053
109394
108931
206601
153112
183731
125858
200068
185404
145194
197972
184344
109094
137613
154324
211701
146594
191117
180970
106913
100356
122671
144758
140505
214924
212887
138384
148520
207175
195651
174146
151878
210941
154910
207501
214560
150100
119548
151636
119274
203094
215517
142256
145950
125629
116199
214089
114960
138488
109914
105795
136348
115944
207564
179123
153957
196634
184945
204069
208275
141841
207325
183190
150020
177444
101774
160284
126337
114943
182605
211255
143928
131526
200931
164784
159765
133188
170609
153338
124810
108427
196155
166681
203536
138018
200605
171006
161916
208781
175898
159232
214931
210905
202657
152104
145499
110377
212890
198362
179556
128729
142267
171564
168482
121413
202969
118155
178920
181449
214813
169665
181087
145337
201408
202137
111947
182705
116593
158501
146894
170616
163166
209633
145052
137162
128779
138229
190771
177981
190379
144618
112654
137366
149957
161179
122932
138026
206466
182743
147327
180421
146711
114939
165688
197043
173414
111474
107165
202007
130527
201428
166298
142837
192084
142500
195206
191285
122287
100739
174792
189182
127090
145680
205143
163392
202166
159345
119213
144540
115228
100147
179663
108116
215336
116944
188187
204726
157840
155473
132001
206387
148949
135207
127378
145153
155799
195071
175596
204586
215754
176555
120084
112445
213329
140829
196342
124891
126659
116061
195228
120173
160657
162953
130444
109754
214546
162964
179278
209970
144270
205846
128328
140831
196758
105393
138311
117490
149633
165613
146590
119305
163870
193797
128347
173025
172127
202851
184301
148547
122766
154146
124396
183502
128475
173498
131103
130668
204531
174985
122297
203817
158390
189195
138555
120525
149024
107883
139823
146639
102978
177244
201581
156812
200744
128270
207868
115236
191177
111561
152670
124768
197584
165460
112332
180182
200378
113077
171090
122791
124708
183120
193674
129919
206948
120486
178114
128012
118096
162551
104283
163655
138870
174693
146949
148688
186148
179207
156793
150862
117095
105961
100685
171804
173189
204006
197991
194994
204872
186645
188071
164418
192081
197542
214417
214340
169150
102501
198911
150797
140447
182143
146434
187803
134317
181921
118813
135915
184722
127869
173190
153548
192263
196327
141851
164048
169103
195794
110439
113476
139852
139068
189283
166223
116905
159560
161940
163161
114247
174140
144107
130201
135848
186086
153788
165296
184283
132952
152922
185223
174194
123269
157262
161947
180497
180351
103981
103951
161440
153627
196070
214136
121539
115285
139224
171958
152386
160083
183993
117113
177417
120332
143194
155365
126936
123430
156828
156226
150251
116698
212090
113059
175611
147952
120683
163808
189760
127981
179606
181149
209958
142942
189375
206978
136671
190869
149161
202625
120595
107956
214942
172180
104048
163282
117514
155419
212626
180102
177777
146418
168328
133900
116238
134163
205212
179581
171496
213987
106047
178277
111085
186164
177642
113216
115025
140470
129434
129742
101102
150633
109685
112651
142739
203056
153691
181773
150318
100036
195026
172223
150090
145658
130536
196942
163143
161590
109563
181470
118179
170688
176976
201855
149710
155998
113294
102889
168808
180247
174125
125431
195488
158892
159754
116080
181518
137768
119853
164425
174178
108652
177574
149054
183137
136955
137345
131799
150600
142098
208220
211112
214322
180470
164645
158919
136471
208526
176203
146496
215400
136040
140735
168215
166691
126284
128695
174612
162192
137618
103964
191229
213662
112242
200492
161056
111434
191711
100764
152760
142026
106351
117332
150565
132925
118640
128129
105428
158508
150540
188789
209711
182755
112147
129509
121573
204640
175117
124889
121689
205913
185143
205786
141900
102331
176786
139915
120113
105329
199239
213605
181436
204052
129971
187014
116024
207413
143224
122955
192145
182852
206389
145707
161257
167335
205060
207616
125627
149041
160922
211074
152095
195962
172016
196227
195655
166234
210644
126681
119700
210253
194028
179423
169752
193383
123706
127599
192647
158811
206137
182744
136619
204491
201743
173572
181754
179289
151295
173791
167102
159487
186629
150285
115229
177849
177272
155413
203368
198582
134021
185864
149003
104650
155506
181798
165528
201044
170712
154662
138863
203885
142126
168698
145329
126542
109376
115541
205839
185996
191439
205502
119036
181219
158943
208854
193834
107694
140539
169020
136682
195862
130556
202529
128353
132544
116272
143853
108265
177480
108343
181401
144826
201056
153399
124171
208922
138856
193508
194012
184285
175756
124594
124577
169013
116364
181016
133630
175490
144036
128876
172159
125697
201183
103128
193460
211068
215484
136241
176651
118390
184881
130645
109806
139166
156870
189791
128931
158855
135143
143288
132458
210671
131310
103654
111681
210503
106875
129279
165187
150398
214700
102341
201299
215404
191661
146988
127450
186245
159860
176057
213579
187600
177472
192341
173005
100289
213519
159219
210091
102968
211769
115051
152307
133397
174910
116799
118480
167857
186706
138582
204594
183377
154436
186402
155387
158313
190300
131374
173273
134357
128247
141794
162320
193829
211495
182676
171185
140297
197881
206191
135762
147910
182202
168366
134195
176156
150930
118454
117300
115545
149151
165165
153284
112522
104953
146437
192154
125820
187601
143617
207199
117807
113457
122973
146819
172128
139836
115490
121605
158846
124295
130291
171602
121015
100545
169904
108645
202248
189439
119767
150489
147919
144225
158219
140109
186076
172817
121000
113756
174067
104809
212491
176167
148754
186905
184861
191510
165672
148080
163888
100479
173252
207624
212369
215945
128818
103017
137281
147938
163496
192879
198563
179098
143514
193749
112107
174464
130380
156098
159321
131325
204351
180106
105252
126036
105876
201810
118633
166531
131149
182664
140377
196737
154194
135768
136154
184390
141673
204474
198606
147426
114163
161187
143471
180635
130594
186578
135417
114278
209936
139014
215547
124379
176452
106390
190180
147012
151178
114252
147866
205319
132466
165244
129419
151118
189576
206840
149452
196879
142554
165891
100244
181076
203342
199976
102384
203023
130464
130864
205825
201728
102700
114335
207288
168395
129903
101794
136958
105583
115774
116465
156284
185777
172066
124691
143211
161381
113933
184339
112938
168653
137146
190080
145395
106400
153669
106143
141253
110579
175076
112223
107170
173717
181398
178169
122680
146889
184762
211659
215279
139170
124224
157931
160730
208345
204024
136212
132589
128253
177853
157225
118721
132081
116104
114274
105631
116746
145256
210484
188657
105521
161898
115332
117072
131943
103378
110321
188685
209840
165592
152648
174593
130516
134303
212949
113592
169492
204739
118598
167214
104341
125113
170633
108918
117009
210626
158481
156117
111371
165514
150496
139159
190490
113774
179594
139126
110729
164622
165105
138245
135587
184746
125580
184679
134223
127798
190351
192314
110172
192168
186039
210333
129058
198835
111062
172272
187129
183389
174971
138776
150927
206012
123148
113988
169209
114765
155137
209383
212726
105149
191069
169075
117340
145284
208466
144395
183937
111977
185546
130638
127864
167610
128631
181107
117562
116561
160329
138925
164899
172488
161948
172413
180123
200405
176198
118443
180008
172663
192437
202372
116834
140943
208561
202977
107901
119670
161883
150227
210087
186552
125112
122103
189914
145445
173559
189745
118345
177213
112472
148411
197359
174847
121667
138717
170071
115416
169932
116599
197845
143032
213766
114330
118470
132726
137145
137114
112700
190635
111015
206890
176466
160766
194730
197131
208061
143294
117553
159515
210447
169578
214917
101133
135945
183225
195673
146459
212681
120758
186072
182792
173858
124364
170761
141284
182378
204159
137870
214883
143844
198016
112869
203269
201201
132959
214891
105927
179921
204070
152705
121599
132373
107269
169639
168694
112329
121662
203636
191549
209977
116673
209804
121092
137325
165615
128492
160559
155545
157026
176716
214473
215059
184937
107905
102640
188236
124547
200932
213472
137939
119072
188451
143883
208850
178416
159188
147929
116114
149952
180988
202470
174471
155620
180860
175450
187525
149226
144836
211006
145506
141880
174490
127404
211566
158025
174269
212169
104565
126754
118112
167028
190460
142352
197337
169074
148281
163404
130800
131801
161762
101421
108626
194697
117118
148464
108924
141026
152533
149780
162228
107614
168184
153079
135995
211273
107380
122068
136209
159536
175425
164828
181834
117022
170755
216072
124366
131703
167029
179782
177234
165727
212426
112113
173689
203232
165214
214971
116611
155042
134947
115227
194448
200282
117728
179744
181637
174148
131728
107142
169459
140133
169375
170784
131658
157513
135064
202633
189528
188889
138891
125527
120997
147700
188893
137445
192369
209002
136086
118079
112486
196487
106084
175792
188455
116595
183173
158381
195167
206923
177975
148501
104306
183381
114224
208582
195551
183215
118955
194043
184684
181438
191991
199842
141966
123871
170450
183732
123083
134905
113100
176713
172651
171424
181284
178457
197573
158032
209652
131589
148227
180526
105463
201328
190004
204652
210565
148402
145129
153784
108166
136399
209271
116754
117694
129241
190841
166253
163884
192466
196136
190920
103755
127603
186856
134229
178249
145768
181782
125777
215665
101484
176181
189560
162618
114138
166235
130014
215609
180772
133421
162713
144957
147610
167826
107263
103098
191128
152903
161492
102956
103633
125549
169952
162499
156655
126535
139863
176244
211539
127719
120887
116742
165456
158168
142095
162706
141930
155661
214071
118346
186455
140616
144323
123612
113074
130150
171468
187670
138142
128194
192994
112518
106867
163126
127714
170806
210388
102484
101767
142949
121446
132646
150316
160644
183117
151164
160026
164072
114035
178418
147983
145763
110148
183448
209456
181888
179891
136886
118856
196894
149659
140403
118010
191572
125358
178098
183205
105173
150302
210099
146950
123047
126359
193861
144021
114161
177093
107413
122786
203367
145002
165993
166447
193370
120881
195246
207479
180767
136986
102577
162922
155944
114582
111948
114197
201750
192106
136718
100927
180654
136463
131120
154074
154483
212784
108903
158673
114579
120723
102681
193014
176069
131903
168778
186744
120586
125044
182693
104430
130740
143127
130982
163763
209843
165767
210910
190499
141917
197937
169337
198930
142449
158476
112701
109890
180536
103610
137250
202031
152216
193741
100675
159109
115802
126037
137751
183071
191948
113603
208782
145210
151851
104992
182646
190264
177214
137164
198898
134282
147007
126927
159313
213285
137341
207661
121077
215431
202564
143784
191816
164983
146366
184955
117844
146114
100842
109475
175545
134333
132372
170186
164177
117127
104074
109609
183971
148188
130167
101139
105699
204378
146374
103911
206369
182561
127455
194496
210853
106325
111109
150294
128719
106662
158279
133934
127236
130251
156691
162788
108498
211738
207895
195851
100122
120875
116467
174329
125437
103745
109678
210452
125750
195001
147762
114022
107169
171844
130293
161476
169282
180886
121688
146343
119280
161103
115314
171524
136755
204100
129099
161135
177083
200997
123370
159010
205030
194362
121193
152159
138699
138641
193941
129030
202994
148778
147256
203533
105674
213504
211767
153954
156489
179853
187797
176019
160620
115319
207937
126449
156541
101536
181656
213119
215343
182938
153529
170455
179408
112891
169053
196490
111179
168816
118117
122471
212499
215040
127487
196680
137428
212475
102312
169465
204246
163549
163250
152419
185403
178444
194501
113430
136880
209631
127292
103363
141810
152618
158376
203360
134270
160105
176951
144392
162836
129890
183044
195908
131131
166544
132297
200739
197955
130886
134873
163254
186624
104378
202323
215061
192009
211200
206346
137559
128891
105364
199402
155532
103965
109389
147599
174288
147640
101788
113380
122391
187678
174202
133267
128835
187526
133830
124652
136988
140636
139184
129476
165088
145364
152297
195689
192064
188428
179258
126285
100805
190692
157758
163300
112005
179196
132323
174947
136022
155446
181069
105097
214959
170290
164632
108539
173205
190652
198343
203321
202925
115232
176942
154323
171615
122754
182077
166047
141438
167258
210040
203338
181769
119547
172982
102920
100414
189398
178089
144539
185533
193247
190636
108117
205232
208713
100162
165501
137200
154106
211669
187023
154089
155191
142665
172522
112410
112928
139583
106608
100682
146748
155679
192493
170636
209641
132660
206868
171971
167055
155002
107735
190525
184332
208784
152568
204613
116184
209679
169579
137295
157621
195931
171648
165913
105825
138449
114099
122494
104787
194883
214086
162787
140956
196454
186114
209331
138471
129905
135392
201274
164311
159728
137542
140078
113562
147892
151672
179394
102169
143491
107983
104926
190737
134116
144411
154547
198995
164898
126650
125097
100275
187513
202981
212687
213589
154804
160867
154064
125988
202924
164411
111340
153252
136657
175538
185175
162428
133935
115982
162743
158464
215766
188411
166312
201704
175556
124565
101829
136698
170098
137493
136803
133652
134627
144272
173164
134766
186342
146670
185322
159486
106538
114334
132430
201427
121263
191314
173790
141720
199444
169024
191407
140104
127144
137474
176050
153778
196183
103064
148593
120552
160812
131858
119277
212954
128069
133534
197973
133732
200360
127584
134075
184915
114331
102382
185052
204564
213020
136044
170022
155289
172242
129612
181228
152976
118286
122556
174678
112421
205958
182367
168339
121178
196785
128809
173937
194255
193260
203412
117799
103560
192236
120308
102805
178874
103674
185527
154514
158969
113572
196455
167339
203701
127154
122798
197702
190657
172354
106856
105873
112837
105473
204178
211765
182900
168275
147918
203581
183877
161350
190559
114613
184629
121118
180370
186653
102269
149894
148736
139654
163893
198447
186646
156682
175565
206848
197863
212904
138563
103437
176674
138858
139338
215110
203932
164109
123742
178232
174931
123183
208804
209322
190267
122399
111254
189784
147067
167002
156496
105771
201795
113794
123314
137427
165502
150308
177903
101933
111994
145087
163790
153337
205893
161362
179722
162496
183783
110109
198146
208028
210982
195219
213175
103393
189306
126440
116144
167656
124825
201916
114080
123761
182394
147906
140099
208498
131999
215831
129863
169067
194743
132342
187853
196159
215675
198417
192049
171573
180284
200573
149200
196873
196770
118122
153172
124650
144955
209820
201169
194375
110540
162855
216023
193814
101129
152225
126319
199455
185938
149192
163445
142539
149544
162521
192488
118344
166499
141112
205519
190401
145536
157178
152600
153361
182429
163599
158387
180342
151794
194047
118226
104064
130841
196100
141801
211401
107325
161913
133552
157570
154080
179095
190972
116498
192401
139209
106207
147718
117163
187464
122814
144837
210340
204323
132780
190088
110956
168981
155744
167849
123399
128804
103892
101900
183749
173404
126403
189451
116460
100915
181320
183435
111743
215994
148535
184973
205247
203840
166596
118466
102950
203711
136738
157417
206854
119132
107519
102607
161499
186899
121095
102232
133861
101015
108981
109899
199271
188147
114705
110440
178543
176652
198955
153781
161987
185554
145152
129306
159639
199408
192896
192817
174952
140694
194655
124538
190398
176768
148516
118723
196297
138938
191175
197519
131420
133086
135645
109038
147596
183938
135423
210470
154297
190834
138513
142317
122308
118295
129240
198339
149276
110413
203152
127033
206818
130810
115295
129956
170990
113224
149774
197431
187387
114679
200169
191111
115286
124684
172445
162377
174311
134738
145517
203768
201036
153938
101874
203145
111905
169392
175041
204760
125559
168356
118139
104679
189137
148577
211645
116085
115634
159991
183470
168530
101810
100064
199725
129740
196402
200743
195633
110084
204748
169620
165391
154962
202567
133827
114980
135472
113919
173527
194694
139099
117184
141011
108542
100580
115679
109061
197731
182189
100670
211939
168479
161482
172273
110966
142692
179523
164514
182129
129940
101240
185762
113462
193812
180205
156440
132255
100881
103722
153754
205764
131667
156760
195915
162590
174222
174199
170145
139478
103317
125150
190146
138141
187655
178365
122371
126928
215373
179904
139090
122076
209434
159267
165482
213486
202980
185213
152920
159956
118219
117430
209004
121397
131775
186898
201399
110542
144067
175134
136626
194199
177144
182190
132106
176586
195220
154872
166296
138758
155403
130243
207575
102659
117991
197199
147495
127551
147178
202406
182694
103880
212246
211304
109524
191741
180631
188543
173980
178652
182436
147343
161855
208366
199758
138153
142835
121959
156158
208376
136362
141094
161324
138266
113026
203316
131101
143807
126428
137579
159065
188462
141217
135364
104729
132681
147339
201500
153180
215055
189893
120407
151048
131870
130963
208348
205202
178984
196196
125415
192883
132445
117378
184265
181816
200073
211489
207160
153314
103041
133904
195646
207991
139112
173395
196518
195487
207417
118469
178145
141451
113989
109770
145617
199951
109220
158088
208709
203747
137801
107139
202121
158658
141873
211198
190676
196813
121310
166468
150752
126705
189726
179847
190840
195411
127252
137040
184088
212761
137011
195097
190390
101424
200909
146141
176134
119543
109144
153635
200644
131750
144108
169771
185232
147176
110010
127818
152944
210499
176233
128502
182265
125476
191976
194648
161372
101409
189073
176462
175232
109390
209053
137417
128988
159360
173590
132191
206352
161260
192403
107233
182945
172093
110844
135436
187307
148220
122618
105112
186117
191010
120385
113597
173450
183522
154302
114602
140989
150569
202178
196291
186130
178303
161410
130202
188347
160743
165434
193652
149030
129281
146378
104920
159245
142362
138484
183280
168089
180295
162970
144086
198259
172182
128243
131070
139954
146430
167406
174333
165420
131204
214928
168886
166689
116343
159051
160768
215515
109070
114556
165493
174281
185953
151639
154929
209955
215573
152124
135881
170799
135164
175761
118395
205412
101455
211930
197180
214847
198831
111135
130324
173981
133254
103761
109111
146816
196477
172318
141682
120860
143230
110545
186888
148461
157373
198825
113730
192860
201177
148505
119256
203787
178625
212888
120663
195650
197212
170075
103660
141246
190681
215332
149506
160645
174062
101199
118475
187322
203492
177381
106034
211749
167266
165379
139230
183004
173445
208354
149330
178318
206011
138974
214545
199180
108335
100189
138029
191425
151941
206342
190938
186607
177466
103700
163129
184709
121402
165667
166607
214689
195460
107763
114237
209361
195499
210786
208084
126983
130602
172121
129410
194837
136756
182704
116203
101832
189426
126698
107664
195427
162017
168070
151485
195982
185555
126719
170443
149092
124269
119532
128907
207998
133473
168263
105077
211874
174786
163737
116797
203995
206717
128611
111829
207622
166336
160617
192828
168116
146501
118912
162449
175190
101335
211674
185324
173389
143833
177745
149397
152523
172852
204587
216057
105533
137386
160176
161641
114296
155588
144338
134492
167267
123755
182999
122267
103077
120801
201353
106572
126710
118429
165942
177921
166355
150622
135475
130703
136790
120328
133195
208677
126135
131859
187076
106197
207735
126320
212042
170885
162468
206914
108496
150771
172688
105960
110445
116161
146082
168699
181740
197077
134517
155400
186600
191415
101546
125089
208537
118880
174583
174175
211861
135178
143708
135203
104657
150506
167526
120420
160869
125738
108594
211729
154834
196568
149278
201091
202320
201641
206745
190945
159721
159510
123648
137458
191559
193594
115327
141436
177352
146744
101004
207188
129966
126940
187945
110906
148772
126304
190521
111742
206882
114102
177277
119007
112443
118807
207647
177530
189061
151037
196240
191254
144257
118718
200797
127687
182984
172373
136497
153732
198159
124573
153564
193376
125889
142276
168146
178916
201989
108864
103596
154644
167870
107069
119795
159030
198936
102436
203291
155331
124292
126762
188930
193592
136534
157467
115486
171833
160209
210516
102954
210123
146049
205379
183947
132244
191961
150997
128236
106117
125778
126404
136904
188024
182623
208979
174647
181188
155454
140030
209290
177846
165849
177961
128330
211238
145483
116589
104785
149011
103205
204154
190160
142784
214360
131837
207604
211730
141823
125316
102880
201107
127373
144622
134101
139107
207764
100926
140964
120396
163866
198111
212185
102856
116564
155748
213384
160877
125261
211129
168858
129773
156687
112478
142327
127654
215702
164977
184150
183969
205394
101239
158945
177115
144407
192424
213433
160780
104060
117714
166414
149976
103296
133617
152323
123133
209724
168680
175099
166473
204892
138817
172357
149649
212237
111234
100669
119248
158646
155570
129655
108523
114412
112782
196543
112941
101369
208597
204684
173059
160807
128444
146118
195424
209414
190093
122765
187750
106416
100149
157489
172085
194317
159184
133372
163568
189757
197829
213828
149053
134969
142751
145399
167506
158654
174453
210038
157881
153125
164247
100194
102699
165677
209548
146876
121949
201696
202032
208586
109814
116635
128693
212046
183210
163508
176498
127076
106119
195865
208181
119118
189174
141933
215133
164255
199554
141842
135555
153858
118222
128602
130794
165186
174441
170826
196039
189449
152631
106973
177856
211877
192220
121082
160010
147104
154570
116163
158719
173024
158849
102129
183668
111443
176258
171273
200052
169381
137872
116909
186288
199899
121457
145239
198364
100461
117175
163077
176813
109374
204406
187207
148420
199506
134329
171308
145275
151781
142880
103566
125361
122385
209112
193588
196823
174027
123545
200888
112162
150774
190000
212500
205481
202678
153349
157652
202952
103139
188941
203972
125492
121235
106245
170995
200424
151350
189981
102855
122243
154177
162238
149870
172516
193422
156968
136098
185652
102114
140153
169071
161827
140668
148841
116792
102422
193008
100657
149693
150976
197022
155952
174962
132955
171663
186162
192080
215964
191840
101207
135914
190508
120951
123310
167515
166231
193697
180929
153992
128868
213904
177647
118203
203507
183177
151554
126890
145305
128705
107706
144444
126358
213964
182766
176294
173423
143352
149497
120483
209453
134383
159371
152809
140208
109562
124120
199216
130054
104621
140355
187923
139350
200317
193491
100612
178677
171915
125391
207327
157470
176394
137844
187635
159831
104539
101310
172532
100924
106899
152801
212821
145632
109868
107125
163040
172303
137929
113924
139786
177787
152238
141701
212574
109646
199098
139634
108658
205899
110808
115110
159096
142965
120577
157846
142581
138360
205928
152362
197706
208792
138411
166137
214114
173604
126504
149194
199541
153914
169130
121676
159160
128785
154212
113414
135404
161973
114538
193649
137671
137968
208581
182020
164548
194766
214690
113057
126346
194513
159941
145048
124116
137904
146940
144103
140464
118938
150034
157359
211087
208124
189756
188123
172126
199018
145688
197210
153398
208644
146524
123118
183719
191230
165778
157146
147665
168850
136547
197456
139402
123884
187996
132677
175186
101358
205074
196054
147029
142447
180449
171478
129383
102032
147984
200237
129007
203625
122678
147163
195658
145524
190947
167552
170737
135592
159012
126577
158837
180316
184586
125557
170036
174909
137586
139284
113770
141523
195702
139337
175274
198820
213759
139437
135083
168745
162856
125618
201431
120439
122450
100301
125730
100021
124549
126383
126027
132258
196215
188301
189638
171439
201767
174279
215759
123785
118950
116776
107432
208533
117315
150276
100712
103729
111031
169136
141151
187276
110772
143071
146052
147705
173115
120576
164149
147321
162766
181969
152541
166415
213036
153935
178959
115738
165583
170909
189809
189076
122788
186349
117761
103002
152899
139817
107316
205910
179309
131515
100425
165872
181585
188788
147245
125452
150721
176265
185429
204153
146213
153912
118437
213365
178191
143031
197690
212311
106769
166556
112898
160112
149960
177436
166652
154331
203966
125745
139716
203006
178446
154362
101526
144480
105036
213903
129961
155633
185739
108040
146947
120948
143332
135820
175193
156105
179391
166753
142945
116429
151827
136776
171225
143645
177196
125131
198170
119200
103997
209871
148758
199411
105955
213810
191109
151018
134033
112386
136642
207900
215347
168244
163964
202221
181075
106874
161047
203935
210394
100196
210625
184907
197602
153545
215206
193064
192452
211535
209145
169498
202059
117713
214380
168499
160072
146107
181849
123156
168431
179767
185660
197338
186711
183334
132327
120813
116373
205108
175510
170920
209942
173088
101835
135420
168488
102008
214433
100374
171794
153066
177708
191248
174267
195406
159927
202898
125070
102739
146480
136313
108073
178326
143615
117243
142911
197227
131155
170994
151722
156333
183002
149324
189399
192899
108766
121854
203280
198511
100864
162583
176193
109448
108154
198199
143009
194961
112349
146893
131516
202044
131210
107043
121534
129704
151675
139425
201321
100203
103883
127342
201822
104309
170524
207416
153862
125129
123355
129944
110474
143873
102066
166464
141987
206879
126266
178669
165170
197842
193201
164088
131203
167000
111235
115803
146763
147818
151572
145928
172719
196410
180347
160003
186311
124078
170596
187665
207524
150687
100934
112004
184160
199035
175217
203330
191610
101032
214968
141609
206859
123248
104279
155577
168279
164467
193326
155671
107832
109558
141716
182196
178644
116939
214699
158592
109301
197652
121149
177180
140274
161970
161959
203495
153498
157607
110838
173034
130130
189822
209291
198395
155228
207809
105713
161010
145906
148234
210003
118780
152866
139920
206607
212466
158738
150603
139951
148883
160431
203135
202496
115721
210088
117168
188774
192113
125136
188824
116651
149455
113899
103619
177287
179646
201099
178655
155896
144938
164641
133359
212367
205500
171515
133035
138276
110842
126662
174935
191006
153730
114293
197718
152759
200109
149913
121067
128078
196041
212414
107988
124318
199365
149638
158838
111610
148409
179473
195667
106341
183181
180515
144094
134866
145300
206588
161169
148972
193211
207875
100209
189307
141468
148814
156973
109349
172278
188683
135100
199335
210423
193009
139690
152579
203059
157356
180100
122218
137605
149240
107598
120236
128867
122092
110541
106070
176331
205691
154592
208728
202037
146325
173474
144408
112912
145139
211545
177418
107742
144763
199461
119440
109165
184169
200280
128093
189346
186721
110204
107086
196735
138656
177463
148895
139406
117212
106316
112466
181136
154217
116910
107539
116645
137817
123850
175844
213891
185334
215824
110627
159936
173502
191054
189679
187445
184779
153798
125812
132272
113963
149652
124487
128838
154781
157348
191868
190806
102835
173966
117537
104160
117772
191419
191389
178168
112561
109379
131920
209521
142642
124518
158832
178727
149285
122642
120788
149102
123746
153841
181490
105879
175635
171255
126447
111711
133561
118195
150617
182709
187292
108757
205647
157945
190842
208034
118457
126450
117361
125857
149308
150878
106630
171729
138659
186375
157464
200510
177964
116023
181232
189477
153850
159808
166070
177388
167405
151775
168714
119887
180419
133137
160827
148410
175622
142995
173627
137217
187284
129405
213557
178575
118364
202705
174081
184769
165317
131827
181176
188926
151321
141649
172262
196725
215486
130665
117983
139055
178882
214709
185222
104998
121656
196370
162453
194050
209778
192709
146839
186577
148206
133603
215394
210130
194425
181040
131311
204325
211204
184810
174278
195712
161186
160349
171979
124725
151333
131364
141083
203147
144166
117882
178248
147897
104176
152264
207370
201035
215465
100950
193002
168664
120159
151898
204842
139624
154125
212408
158734
139734
154440
135453
210210
136960
145421
106744
184710
111232
194136
125621
205461
202182
176920
107628
148974
157430
157383
131700
162486
135342
207788
101907
120015
191203
192188
104711
124872
133077
120682
127459
148390
115786
116646
208141
144876
175002
165231
191843
170720
215409
173702
116946
178717
120269
209469
168296
167590
104403
170693
146727
124308
131930
207363
141868
213248
143934
179208
209630
200351
142844
176514
148691
197569
162200
101456
134989
176770
210578
150451
175910
107538
179530
181565
198967
157179
124430
121760
208789
186446
133069
207077
110024
136766
148301
170818
146941
181581
151926
186442
125429
107332
132758
161498
154668
160081
102255
115520
107270
130804
182191
129290
112714
115670
110908
116771
100937
201877
148844
147687
198192
103884
113061
186271
190316
149859
172835
194997
205056
160572
167256
206526
106794
116407
205167
124633
111851
114137
201450
115452
200172
186510
108235
127942
151210
133093
146024
213132
167565
101743
164944
151983
156913
158971
168048
208234
103384
169274
120118
143823
101314
133647
207984
189905
148465
102120
206834
104892
128267
180551
102728
133223
207381
169232
195525
108791
147041
149257
198457
178070
111296
204134
209005
115008
100080
132504
176026
131911
143470
113274
195244
133796
116688
110233
158237
205261
111769
190082
148093
102285
104862
112492
170320
109655
172106
124146
106859
111933
161894
177536
103169
167021
102870
119310
167860
151367
146669
151086
193236
164457
184682
180254
181676
211133
166480
136324
103603
104989
207784
144192
125895
153762
102371
135172
142916
170100
126815
215848
156865
156364
103799
163613
100294
180887
147132
119037
158546
160999
131401
130415
154809
193654
206847
135886
126501
134726
139859
147723
191414
105726
132618
170118
117436
209692
165135
129570
196254
107137
122278
185142
187559
211465
187302
111007
199757
165360
143174
139657
133389
179356
152640
163231
140663
159419
183025
171011
133721
134516
123951
198982
201158
113183
209825
191050
140979
181141
124128
119335
106302
182481
130784
157763
179589
137188
194981
157890
173070
184421
195082
174766
113384
151897
162641
138808
142609
107099
124383
108064
150385
103945
155761
193216
192074
149290
113440
184942
189457
205712
159704
114403
118317
140368
151937
213875
206155
187504
146056
168387
118547
135454
148621
172103
148313
193066
131371
187714
206400
169466
149174
212405
209979
178679
110243
211476
143899
196009
198355
144286
138741
108296
152756
112222
211226
153958
189280
156360
140167
197441
180245
117183
206500
115093
182578
214321
120971
195745
122968
140201
105985
205967
192554
148653
181795
199196
155015
131945
117235
138173
166366
160063
125307
161512
116951
146461
185668
111022
158106
191956
160944
187694
127446
195425
168255
117857
170495
108455
178658
106180
176825
145133
182480
118869
183820
104207
140557
127636
190705
143384
182555
133583
156798
107026
120907
103024
114063
166974
114753
106884
125667
119459
153621
101744
106901
127647
139717
138804
173692
120127
213969
124755
179036
199065
161655
125368
181292
124978
139742
193694
162073
167897
173725
126437
180644
194096
208805
211909
164919
164518
157731
131963
178355
101721
147545
194941
172786
167835
189788
137105
128671
149984
145790
150508
117270
126923
200440
160802
193947
195659
214048
187890
193195
152488
111923
134452
153441
213277
193229
111946
184053
131650
105520
107757
123473
160195
167513
177422
205287
118941
182700
158414
202964
192373
152521
100214
146620
113045
131459
172219
187538
102822
117776
140258
185701
210582
186435
188127
180385
189438
209566
207431
171278
175244
174618
122016
206399
119279
179727
204166
132402
191676
146381
127958
183950
115179
104414
188038
134839
174494
154935
128476
160037
177762
170845
183565
107981
113297
113113
155198
208607
134746
101847
215643
210641
212072
121266
137816
189835
158955
109954
166905
155388
104983
205344
130777
125228
130398
174755
209321
215304
167050
150058
187586
126521
106499
161553
138737
157235
170386
199660
133736
133467
104218
205799
182160
211849
130448
174613
171569
202346
100403
211873
126877
174341
104115
135255
118231
188393
134190
190474
188443
118897
193381
180842
138406
186966
161012
184637
141046
141250
132366
125788
188995
139472
189740
114925
117190
174135
166967
195730
106161
174143
170548
214790
110423
116385
187755
197030
138074
156806
119249
194776
208309
207554
163719
178696
122280
133526
148103
142644
131566
135215
121532
187927
128100
213553
112558
129460
190753
211316
211556
210334
136189
138000
162914
172956
121284
172821
113848
142669
154614
200870
119262
215687
189246
204960
110701
212907
188404
106384
199158
165756
123693
162735
156020
143019
168789
196289
167997
186565
185966
193053
172249
127479
140443
178434
141980
143733
133375
155890
208069
198085
178816
151246
172095
176540
165952
146471
182399
171808
155558
188666
153871
183673
122961
183107
190649
183916
111961
153497
169102
175511
104697
161990
104400
113737
141424
210337
208559
210105
128490
101763
194101
200033
194798
209775
101407
113262
213334
128345
118256
157812
120285
197286
203856
112403
115506
114680
216018
110292
211783
111501
145401
136783
175656
119122
112806
200844
139479
169413
186351
117122
169140
110927
169463
156659
114996
199873
137237
200674
109599
136025
142216
102381
123923
212544
139923
121398
139048
130812
109027
179088
103886
171460
101470
154181
148919
121724
207058
199218
146143
159102
153512
143923
169536
114126
109752
130970
141392
203398
109058
148168
154408
205002
205310
123533
152054
146993
148028
118385
196315
160004
110350
131742
110216
191793
185012
120933
148943
111602
191535
162267
114547
107918
176575
100207
121866
187766
183972
111158
205596
135121
141642
161120
150263
140354
126669
161155
211926
214811
158564
112245
184804
138608
201859
130994
150578
197923
174743
213163
100307
190044
129718
193068
133866
161995
160770
135664
133344
116711
110287
123421
112790
158409
174241
117992
120687
193909
101571
143795
137384
112340
195145
135654
188089
171445
182784
138020
145787
125273
124356
111849
145534
119711
183472
163713
105793
100401
124117
208099
177978
192038
164289
168047
183609
154293
199911
166102
133761
172356
114244
102401
161232
201209
131369
110779
123979
192928
106008
108000
174660
106976
138747
187325
153355
160484
202251
118486
152798
201715
143894
191934
104858
214129
191601
209511
113023
188552
206976
128057
163046
120274
192623
112422
152852
122750
157308
107528
140023
117115
128290
161929
214707
106897
193343
181230
107464
156187
160302
127824
110686
199244
175384
166789
206592
191066
180981
103726
174652
123978
113821
175026
151115
117768
162099
114140
160720
143122
214010
177455
202202
105279
188904
179541
169115
195500
189581
135948
131414
130488
144287
149514
104882
131076
178385
149799
114969
213413
213341
210829
105467
152092
212649
122330
137976
199488
157097
209953
160122
153542
104436
124712
175849
122539
182801
132933
128510
143937
177950
126959
159062
165866
187090
100096
214511
140170
143556
181080
197402
198153
163605
154641
202428
120818
158420
165889
155544
203464
162891
129669
160059
119930
109520
118846
155234
178551
119592
176097
122393
127609
170751
109823
110403
198766
127735
146881
186591
148306
174543
104948
160723
173745
154499
126461
208987
152433
107144
135929
193378
198554
144468
209208
159574
109369
136646
201793
108960
140953
210593
122844
154607
175366
210903
153879
143914
178693
215434
208809
215208
188938
119953
112768
188844
141268
190079
172851
114804
146583
126308
182067
172104
102425
180392
136734
126904
195350
206084
199496
128163
194682
132285
114004
148095
134443
195817
105012
137165
208128
205993
133442
204480
183200
101684
113010
154855
114803
153000
178546
118369
214570
107632
149994
171381
197467
198254
214477
186432
164562
153970
168333
111527
157311
168371
115534
195473
155500
138632
214765
154295
194783
157891
141571
119377
126751
130942
128496
148698
181457
116730
165025
212928
210422
215169
124953
117032
208587
153555
179611
110739
135937
109074
145717
122866
207414
107119
169183
167559
184505
201590
167332
170369
175820
166249
201414
132619
153111
132307
214877
182576
195340
153321
110946
144866
120613
132876
111686
141204
128566
124174
211491
160873
113564
209558
121273
121439
103642
203540
139387
121260
204125
132225
125561
163259
184514
161933
128055
213621
215590
143720
172125
174478
150524
127596
114697
112187
196341
192642
161672
189048
187374
115784
168318
203493
189187
152620
208731
198240
195325
175383
173323
159038
129387
155571
127201
115825
146007
137394
167520
155527
159268
117642
155345
172105
179806
188953
199944
196113
201899
119119
187522
190880
199994
109650
131609
174653
200946
141795
114656
144856
167493
205612
115182
208187
186133
116071
182290
210024
182060
121864
168678
116376
137362
153517
178550
181420
206811
207866
141156
197549
111937
209560
183279
104037
166877
197149
107945
177575
155618
203322
168317
201093
149291
187370
159479
100237
173243
180336
206657
126916
162297
150909
212338
182454
189785
128958
163637
106663
148601
105898
115716
147394
176160
174414
191108
118956
171644
122499
103203
121982
142213
120021
193011
204819
182858
145825
100364
142341
173094
197159
192374
188431
170502
106129
139803
106622
127849
182024
160060
114234
181355
148442
172586
207451
155502
181354
193347
135700
102809
199930
211407
138218
173911
181407
160025
189161
195977
114650
118969
163703
132612
162257
188029
129818
169507
178025
159238
203478
174550
149656
134106
134612
141725
144592
115492
147674
131927
123471
104945
186465
166041
100628
182690
174430
131180
145236
163971
192210
194470
208250
108967
162915
187033
138208
132170
210974
203080
134983
124942
197391
205801
142842
194201
124387
186727
208889
146323
176226
169740
167162
157418
166644
175092
180260
184952
167005
104823
187904
177251
211371
147072
156493
180820
138778
165595
108720
160240
189972
212892
202732
127519
112431
142061
154647
166942
143274
169825
171865
161150
199879
149580
131020
138732
202025
206579
150247
202764
154859
148403
178142
141996
133081
156747
213343
186545
160167
117999
136232
176234
148351
188765
177291
156318
115749
151643
161944
150514
132000
206698
160497
180992
106777
166346
173311
133304
153073
150093
143585
188568
115760
170419
158350
152508
157463
155447
100402
102412
155909
140270
106415
116512
151088
210068
203546
189727
108127
123717
160095
177134
131223
212571
180669
198399
113722
131319
201932
161968
172907
112743
200508
132329
106903
176268
206753
137123
182796
165991
149904
207444
156323
212399
134037
204152
176416
141285
132539
114050
125477
140329
192645
189391
157107
207449
136430
166370
165949
175602
140380
128040
195465
130461
112564
191380
170494
124331
126148
207001
155703
134895
122501
183275
178206
110535
173111
198805
125383
138013
136717
131949
116431
177994
113048
131449
184757
198273
103263
133285
122852
167546
213636
154342
172582
180274
102271
199081
107972
109612
195108
208599
128689
160751
170422
185989
101282
121088
166132
158058
164008
143520
148347
203585
135743
126701
205651
154503
101053
171737
101597
122441
110836
188354
174280
114195
140350
126758
167772
197545
135615
138718
127465
119150
205495
147547
136962
122254
151436
203053
177778
134624
170088
133542
171879
204876
136322
174734
122827
101182
139994
117234
102101
153058
165479
145792
147689
105438
107185
126402
140225
173444
140150
178701
142925
170560
157286
174225
161037
147928
169382
180794
119623
178439
137179
114784
141195
153092
191148
189513
198531
194194
164245
190838
210260
143986
204356
187784
176115
189778
164075
117767
107321
176999
105812
164377
179035
159901
145900
184404
107833
153948
148082
190960
164043
170511
169586
157236
200466
164794
187050
134011
185728
212750
183629
120056
191378
161167
139619
162842
161116
125038
133383
208230
156453
177360
160894
172397
168057
148370
126240
127272
185471
139940
117201
159410
204700
133853
188638
102914
107466
178935
210281
157558
175327
129530
102662
139905
161142
166293
163209
122298
162253
204669
111555
192767
170527
144636
139394
183954
136132
167729
212996
164288
126607
135907
109863
141176
189562
160530
177366
184585
108459
158956
103595
119744
161554
125417
141116
107334
205447
108847
117109
154466
127273
136748
129215
124739
143024
156171
131875
181662
136641
135676
168844
179892
199790
137118
141568
194260
109715
164541
133034
123593
178878
116739
214836
166760
138081
147484
139797
216081
214904
136915
182541
123786
118847
215782
103201
108104
104801
198149
155810
163454
112064
173969
184683
194690
204022
213650
166131
176571
175022
196250
160535
199751
114824
208382
169098
118913
132131
141970
200074
172730
189351
164613
101452
144728
173039
177503
209907
207693
138461
134722
114526
112144
162006
117698
198723
196567
198491
149070
181052
164455
163700
156437
124882
211680
126573
129109
213846
126840
149687
138738
150465
143697
147899
137225
215518
121536
148755
148887
137541
188387
153363
120428
157390
161630
154609
124427
184197
140747
209786
210119
180272
116979
156043
206999
132922
164627
198198
173690
175764
138336
126753
173317
194838
102025
169862
180093
201020
141817
173617
200694
129161
115677
100595
119503
114393
188164
113340
110526
203665
128554
198486
130593
196525
124298
138552
154960
173851
124152
140726
174883
160721
123493
194275
204128
145904
192560
166352
112442
101796
125534
199031
159015
165795
178590
121774
179456
128061
192844
192763
177273
106793
116232
205782
213261
171873
103968
113338
184449
152613
165950
114407
207183
186088
182835
100832
214025
215546
214524
153872
210474
161865
129590
171850
163002
186165
143744
151739
189890
109233
194298
131617
121989
101736
124403
191781
174894
126350
135624
161161
136916
130764
157999
177726
193955
128143
183230
130522
121806
195609
173682
105984
145276
136370
184875
114239
106697
162808
112930
195584
132119
203114
110081
210669
116315
208092
200014
129916
208506
169900
123955
108604
106414
196147
107728
202224
109597
124488
146716
110818
102814
155676
126357
142936
213849
181822
125135
185958
183981
170526
159317
165706
180080
119684
183563
171079
203664
184048
155749
215633
145849
135735
133863
203626
157156
178247
158108
196916
212900
176763
170978
116362
210963
206192
163539
170158
197398
159499
105047
181240
168997
215325
182163
157238
111710
208245
126534
119152
110837
164916
151764
184102
116442
152021
157068
132142
137008
169652
107091
184825
128473
199074
215191
166868
208460
155586
134252
153463
143639
198701
156654
170903
175925
204800
199102
160801
167439
140006
100620
147978
158080
100498
184574
207836
210138
203656
158139
199600
166601
135602
139501
153634
165774
141686
158563
134379
172940
162400
142706
183712
214444
141771
151733
109560
121779
148843
117446
203742
125126
193728
145164
148365
100339
130196
211218
191636
187810
115491
191445
214106
189309
213470
154895
150988
184632
124131
135167
129849
177814
185244
194345
171133
168676
101106
209495
104845
213726
117058
119812
138333
118785
115346
105790
156358
137961
135105
121607
114309
182717
123655
141452
111629
102139
192683
185683
137770
113119
120844
213350
205227
153795
136664
155990
114975
120174
103421
114640
188385
110502
172888
183870
134090
188523
130624
183196
134912
180815
100110
174139
133314
203938
213439
175291
135082
122334
199530
107057
143181
127265
164482
153333
194712
112916
164488
107015
162984
106396
213869
207005
196642
187861
144931
210172
187590
206212
176831
152651
210455
200772
191814
187250
206129
170065
102911
127080
141123
182990
183602
194151
192699
172427
181820
193838
133082
199772
171269
214611
203917
175825
210426
112516
145767
153656
171898
176201
104885
197990
163370
144265
190970
215973
106420
212583
177653
120635
121511
184183
147388
182890
137569
110925
184464
152388
196508
130551
165619
140533
133374
144712
120132
166725
171000
104429
148264
206468
138312
111257
215613
164560
106113
204997
210744
209756
191597
212239
176414
210001
120937
215031
109183
133385
150525
172044
128396
203863
133480
190760
172499
116678
209344
138694
167803
121441
156090
134482
117091
111972
125744
114981
201168
171747
152673
165714
142723
193130
164359
159790
112636
204987
127109
123600
103695
162559
194510
161905
149426
188713
149838
131440
155383
124885
187632
185248
118119
193466
103517
152417
186941
148964
142893
184783
161310
198069
193239
162719
154228
165728
104871
180010
139410
201492
168354
188846
183145
109587
214027
139978
105667
174026
184989
191855
203698
164426
166090
117489
215430
188015
101502
136495
169247
205955
100735
105475
184536
113207
157186
138540
131361
185559
161217
109050
152393
161555
211910
194036
177399
158964
146920
160316
128391
213028
198588
154455
185072
197719
216029
189879
101808
162403
135000
143366
185326
192230
212925
116682
135130
121358
172123
115751
178965
194656
119167
118677
113654
175479
124122
186712
107848
200596
192577
151450
122880
155639
108759
144155
202388
170160
201137
164242
102584
115201
175988
157330
162386
125229
186535
112026
123841
173884
157578
214502
157842
119264
185659
215170
167695
191756
205322
122225
114363
100292
206941
136002
104700
212838
196091
163111
187417
130952
191025
109566
163968
108447
132234
109510
194542
215046
123505
174850
199596
128096
169084
103277
109271
154884
185524
148379
197404
120230
114555
190052
115035
153939
211899
146427
132417
177198
150296
157517
179961
150553
160691
206298
188836
124944
133594
137707
154664
210919
204887
127281
193107
122151
167482
136834
212477
109949
146656
211013
180311
117762
190310
139220
138660
119587
206475
154272
151373
103304
197790
180604
201547
184953
191699
149779
196895
149409
211867
206724
179668
172670
148546
210486
132557
189020
164440
154560
213243
184360
104690
201682
150248
195814
133396
146238
127862
198326
120432
130372
156894
157626
147524
145335
141018
183056
100104
147845
178676
128634
151236
188450
193256
178513
176176
128404
208138
125913
197667
150232
116134
143482
134324
214982
171547
116166
151950
141073
121871
149527
141082
113781
101260
169703
151151
189231
139792
152491
107718
158780
213065
198978
189579
139972
172787
105745
174773
127112
114103
165106
184218
151273
165078
187474
149374
148840
144555
114135
209381
145265
178762
190246
167453
140255
206184
124103
163313
108107
192724
152539
111498
173327
192615
212999
197773
129937
178797
138423
143298
205044
106989
186439
196093
109694
168397
186776
143688
104153
202270
160722
167534
125121
105358
101868
166218
128121
136499
130071
201301
212934
169650
176141
193685
159135
138207
179044
148735
121657
201493
131706
167382
179670
106130
197003
115313
156991
131657
125346
194748
135742
164739
134035
118810
189991
192094
181341
133674
102153
122558
166668
137469
178308
198913
144608
104935
213999
199680
209685
173122
213041
170249
184571
159760
133087
151833
174025
117111
194851
187212
169152
116438
155992
130712
174856
103415
210435
148480
133198
145994
125656
113912
170520
184123
171813
171518
138369
194954
180022
100976
172726
191514
147528
118870
163346
211105
154848
116879
197870
102964
132491
203146
185092
202699
120160
118220
128329
139893
178940
180423
128285
136353
187572
151250
197877
161873
212805
157692
152914
132437
123264
172203
152544
101987
125291
108399
198414
150599
106700
209890
166237
168908
129753
114000
114427
189557
163459
182061
125670
168569
131261
122417
149854
148637
208104
124967
145438
213471
208831
126646
155169
169875
168894
107267
127275
198245
176897
176672
150109
216019
130691
175951
159568
185999
198092
180454
161284
131357
163247
135022
190087
120078
136882
157612
106560
124247
196795
135712
133930
203415
165014
162859
152501
150459
190084
185754
171218
171058
106088
186005
121224
159436
128609
177235
171302
125341
154815
119556
147356
128127
207212
158016
215746
183430
146959
199462
124291
146676
150011
171857
154897
132759
171606
109913
141552
159366
149841
190527
154811
208153
181628
181508
141242
189297
187582
134439
169373
106318
187198
109045
129367
119790
180892
157760
138398
200089
166018
148014
181891
117089
159126
135898
142031
211281
186559
160422
153652
142592
128762
210952
136359
107249
184371
207176
144913
131833
187627
136677
100799
179100
106118
192372
170095
159694
164299
193968
208206
195943
202276
173472
207666
167141
150292
169462
137522
194920
159272
187642
116059
171131
150419
193877
139993
188644
188870
149274
134201
127769
197694
212520
158999
107875
143469
152671
199553
125181
132890
201472
173051
199118
127831
138547
120031
165191
146505
101600
187801
195513
154410
166424
167688
114043
165987
142420
204098
154674
205539
188484
116971
155061
130387
103361
161570
103710
180999
137034
183914
182409
202608
161842
149138
186047
170710
104949
208988
100202
106759
150118
178918
148976
153727
119300
179608
154291
169766
140154
202047
163551
115895
137100
178997
169285
157228
111752
119879
145911
152342
123781
103289
117189
165856
140942
195285
183537
208658
141042
169099
148734
121357
139428
139594
134199
211704
122045
111931
116019
183461
153765
125296
143184
143359
203137
194393
109789
118412
125951
109399
159000
177608
153319
141224
149813
169648
202334
159388
184100
135545
143277
172961
177202
206143
194901
171438
211828
107001
190025
108278
207871
153082
112079
195421
107193
205121
137750
181471
193839
185025
122600
159156
210375
106450
172369
204494
207200
186754
127861
205457
210920
184269
135348
175242
192281
134484
151259
129566
182373
109500
176521
213576
160659
108913
115785
195501
196934
205605
155003
103123
192926
164589
162552
139396
140748
165178
175359
191959
125810
171287
100347
195860
134799
113176
109530
165926
117888
126515
144641
131175
196437
134945
116064
156014
160050
165117
110753
121177
175281
157705
191561
136045
182092
161262
180723
153307
143882
199549
185460
109250
111768
139702
204179
111342
152738
130693
155189
169093
116255
129827
141499
212139
149103
110670
175584
107685
210258
144400
109365
155250
207083
196195
129652
108065
193703
188784
191071
111377
171581
208260
166046
187701
167612
195387
134257
107218
181760
157472
178002
189508
157054
167418
192749
108464
127081
150851
182608
179183
202989
181689
127491
149346
154688
117722
195351
119900
149658
147584
206765
196119
128033
161951
147962
131635
205677
125556
147909
163686
147576
116229
116222
100686
200081
144840
140582
178219
163546
155321
207915
105262
211940
210095
191839
205984
169706
130558
137436
176608
195436
140077
120201
208415
184181
213558
137973
168644
166778
121408
165205
105599
113757
206111
176963
202036
108203
213824
211958
213173
113911
184644
164486
199618
191099
174142
190086
215045
157025
133892
102504
146440
104209
211217
138655
206023
108324
207210
137273
132455
148395
158808
168475
149179
117245
109017
169119
165223
153878
123188
113422
147479
208937
153790
114678
128381
200691
146093
213507
153516
103638
208622
165564
103900
131638
191774
165407
177969
120990
194531
138463
140795
208427
208161
120895
149663
188154
133822
208126
179083
119633
116857
113234
195809
172021
183983
146152
172768
209267
131337
132305
180686
170631
165161
109945
164306
140440
174984
156639
185928
200350
148439
188218
188238
118957
162626
183242
152308
117066
192914
118522
131861
125832
205609
177006
103397
137568
155931
186037
168585
102944
158265
106115
169813
159614
106614
214953
200514
196877
169494
162602
188554
141047
152536
212767
111533
185228
201956
191330
189359
141546
183967
117097
156331
187288
133158
180068
195656
173760
215049
136242
111745
173664
184901
122372
200919
149399
110408
137924
131852
118684
108657
133692
103303
203508
204283
158422
133991
129873
125240
131835
168286
198327
109147
187540
158581
127773
154676
116607
173454
120461
123826
135927
135028
191796
159251
159899
114542
202914
190238
177091
123475
186759
212161
127409
144311
118819
215747
172307
175989
109260
158766
107943
163181
151175
198091
150158
107064
141734
165567
138199
123259
139340
187424
189787
146853
167022
113239
186189
215413
158880
130725
131051
190456
113685
132900
149336
212157
139263
131023
172880
146166
200195
127758
148777
117013
178828
142405
205689
134182
177874
211512
151774
131185
107579
213802
130185
178753
195907
162138
198031
164004
201029
214314
159466
126660
185340
202701
212412
178653
202572
180696
121434
202530
114048
153389
142596
207697
135851
186405
114392
143479
205033
213122
103530
114979
213219
165659
107407
213860
146267
214767
113810
188621
133323
145379
183033
185218
107070
200796
178755
173278
105304
206771
215469
176196
181405
171409
169959
133477
161180
178700
129002
110086
200454
108880
182697
166181
107495
158190
188962
161119
142997
113165
202401
106795
131299
141993
125977
123462
126866
174885
193958
213310
163739
185002
199647
117932
145115
195476
147180
128949
187285
184206
207033
179532
177122
147820
191749
207346
202888
114821
128938
171415
132886
123019
167900
198592
184966
158054
141751
154396
115390
168945
148968
137320
124438
106673
199000
183605
110314
164668
195630
169050
146475
112117
201129
101441
138650
110061
148199
191180
184192
184938
126282
147947
147349
183506
173640
132569
210951
115700
180330
125213
120858
166862
189665
196846
181378
135638
132636
118963
156127
100012
106690
131524
179677
113997
134870
134904
160419
178470
176099
132679
198815
196666
190377
171708
121836
185414
133966
113232
198804
132666
149892
157052
186794
133628
129547
206638
127087
128231
179003
123283
178451
134202
206142
138780
105830
112873
129770
213257
150461
168452
205408
162079
143177
130280
125854
117855
141263
149075
189728
102499
157536
121029
209831
127834
142532
207445
200287
105662
176594
157079
192014
205388
124741
207891
195452
167704
188353
204517
143902
103601
208058
197341
155714
153538
127771
156504
196990
132351
121802
177792
185201
178578
201253
160149
215178
110331
147228
164496
106283
162656
111936
211865
124302
136540
156450
198460
101414
194566
103763
115911
175569
209346
144984
107587
186272
165475
183149
169243
166886
150242
148678
160304
184229
178776
108003
201257
195849
102593
198376
147634
170960
172431
200777
142586
142269
205805
153416
186595
106694
153655
197248
207450
194489
191946
104842
124194
186345
164268
186697
145514
139404
107584
137027
128153
178105
104143
201371
170364
123160
175972
139264
121535
131390
205965
165986
131874
101685
146578
168989
116911
120272
151924
116759
162631
200709
117447
156490
137310
163387
200343
155852
207767
109790
134724
147999
148745
142628
155247
150588
129385
180030
180285
196283
162336
177857
185726
169848
154721
118285
164634
211655
125075
155677
197084
128913
212312
174848
201690
118043
121650
184910
187851
157679
182848
166482
108969
194614
194700
173746
158927
161872
139816
127607
208631
168497
172729
107675
121562
205145
117285
144565
215349
205151
190158
167088
175836
209033
114369
146450
179498
143560
130046
152351
207953
187811
118818
132652
138789
166006
134196
184954
104854
163983
108598
104258
109876
209888
105263
214165
121586
127816
194471
205039
182560
103785
175549
175663
129621
105800
141740
184649
183052
125803
116508
106498
147756
178708
104196
200049
215494
171522
134261
132595
121023
169884
158607
111120
190631
187963
128028
108236
214210
187653
168924
185580
213548
113439
105175
157080
141017
156734
213932
135694
170734
138630
183576
187773
141293
204295
206107
163550
105190
136332
176124
192406
109767
124214
201041
197960
164800
200957
203352
215426
205303
115513
149114
182299
138724
117444
191136
156899
140644
193596
106718
126563
153768
168385
124150
210217
201510
115437
179129
169778
100722
194959
209802
214678
208010
128124
185930
192146
146971
106397
139146
174995
177226
105211
204057
177410
152405
137874
215694
180004
181074
142823
148808
196347
105054
149384
138861
124394
133518
204818
104592
176324
175946
174328
119345
113152
166527
136414
183493
102753
171343
164038
104688
143291
207892
136403
210048
142397
166882
156133
152740
138265
214384
133475
107657
182931
112306
208201
169291
207465
100152
114349
147202
129757
145366
145855
167507
112314
179240
112863
125815
204696
211942
175466
123289
186847
204253
165021
117773
156031
146976
213042
182955
163310
125871
131032
181280
171701
143518
130629
130006
202754
215631
100755
128497
158319
160986
179552
102738
183729
116862
214306
135916
153752
154182
159812
215271
159514
110971
126989
186507
148526
150624
146188
108125
176859
164836
138076
105025
151224
207824
178414
122148
191169
187539
203275
171734
150460
101809
204333
108359
213889
168424
113348
191955
202075
180504
163936
148589
173208
116021
103212
175265
136046
133139
186497
139649
132938
140429
160308
206597
120309
197091
